$ANSIBLE_VAULT;1.1;AES256
31396365643135393339313530653064616134303533363162366465386466663238313330353864
6666613261656633663261616431643461616664653364390a306664353961613364663561643965
63396662393435663435383138643435613738383733333961373234623464353362636631663839
6264613261646239390a633339343630656134653233323131306663323332343466613164356534
31393837393138396237613435333936326531656236366661643134396630393232323738636238
39643132333937346339646164613539393564363439663935326661373633666538613835373036
37383339666337306435646332343236363265303866663263653166663533323539313866356461
61636136343232663333356639643335383565646339303235333239316337646632353835353631
38386431343230643131383836386662383333393564393839366136303065346531656335366266
37386535366339383935373433613437396564323838356331383764363765323766396662666634
30373761333530653135393863313364643862306165613634613764313730623632313131633738
62663433646232313139303362366665363762633964633438313733333763326365353230363965
65373039636665393633666465353631623531663032336137666232373963373331333161336536
64323938656231313539386634313738393035626465383336616465313132343766336630303763
38323964623135623638316633373066383462626266643535656135343931363530613637323838
35636663313537363734633734346563326262643834306639656165643164396462353631316237
38356332366139346236613463326335333963386566303434323535646663373133
